
# Please make this file available to others
# by sending it to <lirc@bartelmus.de>
#
# this config file was automatically generated
# using lirc-0.7.0(any) on Sun Sep  4 18:12:25 2005
#
# contributed by 
#
# brand:                       altec-lansing-speakers
# model no. of remote control: 
# devices being controlled by this remote:
#

begin remote

  name   altec_lansing_speakers
  flags CONST_LENGTH|RAW_CODES
  eps            60
  aeps          200

  ptrail          0
  repeat     0     0
  gap    100000

      begin raw_codes

          name vol-
             9117    4401     665     440     690     441
              665     466     658     445     680     452
              660     492     624     458     669     484
              630    1610     644    1600     641    1597
              654    1608     645    1597     642    1597
              654    1608     645    1598     641     469
              660     489     624    1616     642    1601
              640     486     642     490     621     509
              613     492     638    1626     613    1608
              637     513     612     493     636    1628
              613    1626     617    1624     638    1625
              614   39904    9088    2180     641

          name vol+
             9141    4377     688     464     645     464
              660     466     661     473     637     469
              648     480     648     485     633     493
              618    1600     657    1606     641    1601
              641    1620     637    1604     645    1598
              641    1598     657    1602     645    1620
              618     489     640     492     625    1612
              641     492     624     484     633     494
              636     496     617     509     613    1626
              620    1622     636     496     614    1624
              636    1628     613    1626     622    1618
              638   39878    9113    2177     632

          name treble
             9138    4377     689     464     646     462
              660     468     658     473     637     470
              648     481     646     486     633     472
              638    1600     658    1604     645    1598
              641    1597     660    1604     644    1600
              641    1598     658    1605     642    1600
              641     489     640    1601     640     490
              638    1601     637     493     637     494
              621     485     634     496     634    1606
              633     497     634    1628     613     496
              634    1605     633    1628     621    1621
              636   39880    9112    2157     652

          name bass
             9118    4398     670     484     638     442
              685     445     664     493     626     452
              676     477     638     496     618     461
              668    1598     641    1620     636    1604
              645    1600     638    1601     658    1604
              645    1598     641    1598     658     497
              614    1601     656    1606     642     488
              629    1612     641     489     628     508
              610     490     640    1625     614     490
              640     493     618    1622     636     493
              618    1622     637    1628     612    1628
              622   39894    9098    2172     638

          name standby
             9140    4401     665     488     641     440
              689     468     634     494     632     472
              654     478     622     508     620     482
              648    1620     621    1617     622    1617
              649    1617     622    1617     622    1616
              650    1618     620    1618     624     505
              624    1617     622    1616     649    1617
              622     458     669     485     617     513
              616     488     641    1625     614     490
              641     489     598     533     613    1626
              605    1634     640    1626     613    1625
              608   39908    9097    2196     621

      end raw_codes

end remote
