
# Please make this file available to others
# by sending it to <lirc@bartelmus.de>
#
# this config file was automatically generated
# using lirc-0.6.6(any) on Fri Oct 31 23:42:26 2003
#
# contributed by 
#
# brand:                       RC-T516
# model no. of remote control: 
# devices being controlled by this remote:
#

begin remote

  name   aiwa_stereo
  flags RAW_CODES
  eps            30
  aeps          100

  ptrail          0
  repeat     0     0
  gap    20000

      begin raw_codes

          name vol+
             9100    4433     702     420     674    1613
              650    1592     673    1592     700     422
              673    1592     672    1616     676     424
              698     446     674     450     668     453
              665     458     661     462     632    1634
              657     465     656     468     653     470
              624    1640     652     472     649     473
              622    1642     622    1642     624    1642
              622    1642     622    1640     625    1641
              624    1641     650     472     624    1642
              622    1642     650     472     649     474
              621    1644     649     474     648     476
              620    1645     648     476     648     476
              620    1645     620    1645     646     476
              645    1637     646   23097    9068    4493
              620

          name vol-
             9101    4433     702     445     649    1590
              673    1592     673    1592     700     449
              646    1614     650    1616     676     450
              670     453     665     457     661     461
              658     465     654     468     625    1637
              654     470     650     472     649     473
              621    1644     649     474     648     474
              620    1644     621    1644     621    1642
              622    1644     621    1644     621    1642
              649     474     620    1644     621    1644
              621    1644     648     476     646     476
              620    1645     646     476     620    1645
              646     477     646     477     646     477
              618    1646     620    1646     646     477
              644    1637     646   23098    9068    4493
              620

          name power
             9128    4432     705     418     674    1590
              674    1590     674    1590     701     445
              650    1614     650    1614     677     446
              676     449     673     449     673     450
              670     452     669     454     638    1626
              666     458     661     461     658     464
              629    1634     658     465     656     468
              626    1637     628    1636     629    1634
              630    1634     630    1633     632    1634
              657     465     656     468     654     469
              652     470     650     472     649     473
              649     474     648     474     621    1644
              622    1642     624    1642     622    1642
              624    1640     625    1641     625    1640
              645    1636     626   23120    9072    4488
              629

          name input
             9102    4437     693     457     665    1570
              692    1572     692    1573     690     458
              664    1596     665    1597     664     462
              656     468     652     472     648     476
              645     478     642     480     641    1621
              642     481     641     482     640     482
              640    1624     638     484     640     484
              638    1624     638    1624     638    1624
              638    1625     638    1624     638    1624
              638     484     638    1625     638    1625
              638    1624     638    1625     638     485
              638     485     638     485     638    1625
              638     485     637     485     637     485
              637     485     637    1625     637    1625
              662    1617     612   23133    9068    4496
              637

      end raw_codes

end remote
