
# Please make this file available to others
# by sending it to <lirc@bartelmus.de>
#
# this config file was automatically generated
# using lirc-0.6.6(any) on Sat Nov  1 16:59:52 2003
#
# contributed by 
#
# brand: apex
# model no. of remote control: K12B-C2
# devices being controlled by this remote: TV
#

begin remote

  name   apex_tv
  flags CONST_LENGTH|RAW_CODES
  eps            30
  aeps          100

  ptrail          0
  repeat     0     0
  gap    20000

      begin raw_codes

          name 1
             9138    4392     641     436     660     437
              685     438     658     468     656     441
              681     444     650    1624     600     477
              642    1629     593    1633     592    1634
              590    1636     614    1610     613    1613
              612     464     632    1641     610    1616
              609     466     630     468     656     468
              656     468     629     468     656     469
              629     496     628     470     653    1620
              606    1620     606    1646     580    1646
              580    1646     578    1648     578    1646
              578   39765    8956    2220     556

          name 2
             9138    4392     640     436     660     438
              685     438     658     468     656     440
              681     444     650    1624     600     477
              642    1630     594    1632     592    1634
              590    1636     614    1610     613    1612
              612     465     632    1641     610     466
              630    1642     582     468     656     468
              656     468     629     469     654     469
              628     497     628    1645     580     470
              653    1620     605    1646     580    1646
              580    1646     578    1646     578    1648
              578   39765    8956    2220     557

          name 3
             9138    4392     640     436     660     438
              685     438     658     468     656     440
              681     442     649    1624     600     478
              641    1630     593    1632     592    1634
              590    1636     614    1612     613    1612
              612     465     632    1641     610    1616
              610    1616     609     466     630     494
              629     468     656     469     629     469
              654     469     654     469     628     470
              653    1620     605    1646     580    1646
              580    1646     578    1648     578    1648
              577   39765    8956    2220     557

          name 4
             9138    4392     640     436     660     437
              685     438     658     468     656     441
              681     444     650    1624     600     477
              642    1630     593    1632     592    1634
              590    1636     614    1610     613    1612
              612     464     633    1640     610     466
              630     466     656    1617     608     468
              656     468     629     469     654     469
              628     497     626    1645     580    1646
              580     472     652    1646     580    1646
              578    1646     578    1646     578    1648
              577   39765    8956    2221     556

          name 5
             9137    4392     640     436     660     438
              685     438     658     468     656     440
              681     442     650    1622     600     478
              642    1630     594    1632     592    1634
              590    1636     614    1612     613    1612
              613     464     632    1641     610    1616
              610     466     630    1644     582     494
              629     468     656     468     629     469
              654     469     654     469     628    1645
              580     473     650    1646     580    1646
              580    1646     578    1648     578    1648
              578   39765    8956    2220     557

          name 6
             9137    4392     640     436     660     438
              685     438     658     468     656     440
              681     442     650    1624     598     478
              642    1630     594    1632     592    1634
              590    1636     614    1612     613    1612
              613     464     632    1641     610     466
              630    1642     584    1642     582     494
              629     468     656     468     629     469
              654     469     654    1618     606     470
              628     472     652    1646     580    1646
              580    1646     578    1648     578    1648
              578   39765    8956    2220     557

          name 7
             9137    4392     640     436     660     437
              685     438     658     466     656     440
              681     444     650    1624     598     478
              642    1630     593    1633     592    1634
              589    1636     614    1612     613    1612
              612     464     632    1641     610    1616
              610    1616     609    1617     609     468
              656     468     629     468     654     469
              629     496     628     469     654     470
              628     472     652    1646     580    1646
              578    1646     578    1648     578    1648
              578   39765    8956    2220     556

          name 8
             9164    4393     613     436     686     437
              660     438     685     440     684     440
              654     442     676    1598     624     452
              668    1605     618    1608     617    1609
              614    1637     588    1638     586    1640
              585     464     658    1641     584     466
              657     466     630     468     656    1644
              581     468     656     469     629     469
              654     469     654    1620     606    1620
              606    1620     605     473     650    1620
              605    1621     605    1621     604    1622
              602   39766    8954    2221     556

          name 9
             9164    4393     614     436     686     437
              660     438     685     440     684     441
              653     444     676    1598     625     450
              669    1605     618    1608     617    1609
              616    1637     588    1638     586    1640
              585     465     658    1641     584    1641
              584     466     657     468     629    1644
              608     468     629     468     654     469
              629     496     628     469     654    1620
              606    1620     606     472     652    1620
              605    1621     605    1621     605    1621
              602   39766    8956    2220     556

          name 0
             9137    4393     640     436     661     437
              685     438     658     466     656     441
              680     444     649    1625     598     478
              641    1632     592    1633     590    1636
              589    1637     614    1612     613    1613
              612     464     632    1641     610     465
              632     466     657     468     630     494
              629     468     656     469     629     469
              654     469     654    1620     605    1620
              605    1620     605    1646     578    1646
              578    1648     578    1648     578    1648
              577   39765    8956    2220     556

          name ch-
             9162    4393     613     436     686     437
              660     438     685     440     684     440
              654     444     676    1598     624     452
              669    1605     618    1608     617    1609
              614    1637     586    1638     586    1640
              585     464     658    1641     584    1642
              582    1642     582    1642     582    1644
              608    1617     608     468     629     469
              656     469     654     469     628     469
              654     470     628     500     624     474
              649    1621     605    1621     604    1622
              602   39818    8954    2221     556

          name ch+
             9164    4393     613     436     686     437
              660     438     685     440     684     441
              654     444     676    1598     624     452
              669    1605     618    1608     616    1610
              614    1637     588    1638     586    1640
              585     464     658    1641     584    1641
              582    1642     582     468     656    1644
              582    1644     581     468     656     469
              629     496     628     469     654     470
              628    1646     580     498     625     473
              650    1621     604    1621     604    1621
              604   39766    8956    2220     556

          name vol-
             9164    4393     613     436     686     437
              660     438     685     440     684     441
              653     444     676    1600     624     452
              669    1605     617    1608     616    1610
              614    1637     588    1638     585    1640
              585     465     658    1642     584     465
              657    1617     608    1617     608    1644
              581    1644     581     468     656     469
              629     497     626    1646     580     470
              654     470     626     514     609     489
              634    1621     604    1621     604    1622
              602   39766    8954    2220     556

          name vol+
             9162    4393     613     436     686     437
              658     438     685     440     684     441
              653     444     676    1600     624     452
              669    1606     617    1609     616    1610
              614    1637     586    1640     585    1640
              585     464     658    1642     584     466
              657    1617     608     468     629    1645
              608    1618     606     469     629     469
              654     469     654    1620     606     470
              626    1646     578     516     608     489
              634    1621     604    1621     604    1622
              602   39766    8954    2221     556

          name 100
             9164    4393     613     436     686     437
              660     438     685     440     684     440
              654     444     676    1598     624     452
              669    1605     618    1608     617    1609
              614    1637     586    1638     586    1640
              585     464     658    1641     584    1642
              582    1642     582     466     657    1644
              581     468     656     468     629     469
              654     469     654     469     628     469
              653    1620     605     472     652    1621
              605    1621     604    1622     604    1622
              602   39768    8954    2221     556

          name power
             9137    4393     640     436     661     437
              685     438     658     468     656     440
              681     442     650    1624     598     478
              641    1632     592    1633     590    1634
              589    1637     614    1612     613    1613
              612     464     632    1642     609     466
              630    1642     582     466     657     468
              656    1618     606     469     629     469
              654     469     654    1620     606     470
              628    1646     580    1646     605     472
              626    1646     578    1648     577    1648
              577   39766    8954    2220     557

          name timer
             9162    4393     613     436     686     437
              660     438     684     440     684     441
              656     442     676    1598     624     452
              668    1606     617    1608     616    1609
              614    1637     586    1638     585    1640
              585     464     658    1642     584     466
              657    1617     608    1617     608    1644
              581     468     656     469     629     469
              654     470     654    1620     606     472
              626     473     650     489     634    1621
              605    1621     604    1622     604    1622
              602   39766    8954    2221     556

          name display
             9137    4393     638     436     660     437
              685     438     658     466     656     440
              681     444     650    1625     597     480
              641    1632     592    1633     590    1636
              589    1637     613    1612     612    1613
              612     464     632    1642     609     465
              632    1642     582    1644     581     494
              629    1644     581     468     654     469
              629     497     626    1646     580     470
              653     473     625    1646     605     489
              608    1648     578    1648     578    1648
              577   39765    8956    2220     556

          name up
             9162    4393     613     436     686     437
              660     438     685     440     684     441
              654     444     676    1600     622     452
              668    1606     617    1608     616    1610
              614    1638     586    1638     586    1640
              585     464     658    1642     582    1642
              582     466     657     466     629    1645
              608    1618     608     468     629     469
              654     469     654     470     626    1646
              580    1646     578     516     609     489
              634    1621     604    1621     604    1622
              602   39766    8954    2221     556

          name left
             9137    4393     638     436     660     437
              685     438     658     466     656     440
              681     442     650    1625     597     480
              641    1632     592    1633     590    1634
              589    1637     613    1612     612    1613
              612     464     632    1642     609     466
              630    1644     582    1644     582     494
              629     468     656     469     629    1645
              580     497     628    1645     580     470
              653     472     625    1646     605    1620
              605    1621     605     489     608    1648
              577   39766    8954    2220     556

          name menu
             9164    4393     613     436     686     437
              660     438     685     440     684     441
              654     444     676    1598     622     452
              669    1606     617    1608     616    1609
              614    1637     586    1640     585    1640
              585     464     658    1642     584    1642
              582    1644     582     466     656    1644
              581    1644     581     468     654    1620
              606     469     654     469     628     470
              653    1620     605     473     650     489
              609    1646     578     489     633    1622
              602   39768    8954    2221     556

          name right
             9137    4393     638     436     660     437
              686     438     658     466     656     440
              681     444     649    1625     597     480
              641    1632     592    1633     590    1636
              589    1637     614    1612     612    1613
              612     464     633    1641     610    1616
              609    1617     609    1617     608     468
              656     468     629     468     656    1618
              606     469     654     470     628     470
              653     473     625    1646     605    1621
              605    1621     605     489     606    1648
              577   39766    8954    2220     556

          name down
             9164    4393     613     436     686     437
              660     438     685     440     684     440
              654     444     676    1598     624     452
              668    1606     617    1608     616    1609
              614    1638     586    1638     586    1640
              585     464     658    1642     582    1642
              582     466     657    1617     608    1644
              581    1645     581     468     656     469
              629     496     628     469     654    1620
              605     470     626     516     609     474
              649    1621     604    1621     604    1622
              602   39766    8954    2221     556

          name picture
             9137    4393     640     436     660     437
              685     438     658     468     656     440
              680     444     649    1625     598     478
              641    1632     592    1633     590    1636
              589    1637     613    1612     613    1613
              612     464     633    1641     610    1616
              609     466     630     468     656     468
              656    1618     608     469     629     469
              654     469     654     470     628    1646
              580    1646     580    1646     605     472
              625    1646     578    1648     578    1648
              577   39766    8954    2220     556

          name scan
             9137    4393     638     436     660     437
              685     438     658     466     656     440
              681     444     649    1625     598     478
              641    1630     593    1633     590    1636
              589    1637     614    1612     613    1613
              612     464     633    1641     610    1616
              609     466     630     468     656     468
              656     468     629     469     654    1618
              606     469     654     470     628    1646
              580    1646     580    1646     605    1620
              605    1621     605     489     608    1648
              577   39766    8956    2220     556

          name mute
             9137    4393     640     436     660     437
              685     438     658     466     656     440
              681     444     649    1625     598     478
              641    1632     593    1633     590    1636
              589    1637     613    1612     613    1613
              612     464     632    1642     609     466
              632     466     657     466     630     494
              629    1645     581     469     654     469
              628     497     628    1645     580    1646
              580    1646     580    1646     605     472
              626    1646     578    1648     578    1648
              578   39765    8956    2220     557

          name recall
             9137    4393     640     436     661     437
              685     438     658     468     656     441
              680     444     650    1624     598     478
              641    1632     593    1633     590    1634
              589    1636     614    1612     613    1613
              612     464     633    1641     610     466
              630     466     657     468     629     494
              629     468     656     469     629    1645
              580     496     628    1645     580    1646
              580    1646     580    1646     605    1620
              605    1620     605     477     620    1648
              577   39765    8956    2220     556

          name cc
             9137    4393     640     436     660     437
              685     438     658     466     656     440
              681     444     649    1625     598     480
              641    1632     593    1633     590    1634
              589    1637     613    1612     613    1613
              612     464     633    1641     610    1616
              609    1617     609    1617     608     468
              656    1618     608     469     629     469
              654     469     654     469     628     470
              653     470     626    1646     605     472
              625    1646     578    1648     577    1648
              577   39766    8954    2221     556

          name video
             9137    4393     640     436     660     437
              685     438     658     466     656     440
              681     442     650    1624     598     478
              641    1632     593    1633     592    1634
              589    1636     613    1612     613    1613
              612     464     633    1641     610     466
              630     466     656    1617     608     468
              656    1618     608     469     629     469
              654     469     654    1620     606    1620
              606     470     626    1646     605     473
              625    1646     578    1648     578    1648
              577   39766    8954    2221     556

      end raw_codes

end remote
