0.490713587488
0.494623655914
0.487781036168
0.504398826979
0.520039100684
0.481915933529
0.490713587488
0.500488758553
0.488758553275
0.488758553275
0.506353861193
0.485826001955
0.494623655914
0.502443792766
0.509286412512
0.489736070381
0.502443792766
0.488758553275
0.493646138807
0.500488758553
0.494623655914
0.496578690127
0.517106549365
0.491691104594
0.506353861193
0.491691104594
0.490713587488
0.49853372434
0.496578690127
0.490713587488
0.504398826979
0.0635386119257
0.505376344086
0.489736070381
0.510263929619
0.488758553275
0.49853372434
0.502443792766
0.493646138807
0.494623655914
0.519061583578
0.489736070381
0.503421309873
0.483870967742
0.487781036168
0.514173998045
0.490713587488
0.496578690127
0.506353861193
0.490713587488
0.500488758553
0.518084066471
0.493646138807
0.504398826979
0.491691104594
0.488758553275
0.514173998045
0.492668621701
0.494623655914
0.50146627566
0.483870967742
0.494623655914
0.504398826979
0.514173998045
0.488758553275
0.494623655914
0.512218963832
0.491691104594
0.490713587488
0.506353861193
0.516129032258
0.490713587488
0.502443792766
0.52394916911
0.490713587488
0.485826001955
0.510263929619
0.490713587488
0.484848484848
0.486803519062
0.488758553275
0.500488758553
0.47605083089
0.488758553275
0.509286412512
0.490713587488
0.49853372434
0.49853372434
0.518084066471
0.488758553275
0.504398826979
0.520039100684
0.491691104594
0.510263929619
0.521994134897
0.492668621701
0.486803519062
0.49853372434
0.505376344086
0.514173998045
0.485826001955
0.490713587488
0.496578690127
0.504398826979
0.517106549365
0.491691104594
0.504398826979
0.492668621701
0.490713587488
0.490713587488
0.509286412512
0.491691104594
0.494623655914
0.492668621701
0.490713587488
0.503421309873
0.496578690127
0.514173998045
0.491691104594
0.493646138807
0.487781036168
0.495601173021
0.502443792766
0.517106549365
0.489736070381
0.488758553275
0.493646138807
0.491691104594
0.499511241447
0.506353861193
0.492668621701
0.494623655914
0.492668621701
0.500488758553
0.503421309873
0.490713587488
0.491691104594
0.505376344086
0.484848484848
0.490713587488
0.500488758553
0.502443792766
0.494623655914
0.492668621701
0.49853372434
0.514173998045
0.484848484848
0.488758553275
0.494623655914
0.49853372434
0.505376344086
0.492668621701
0.495601173021
0.488758553275
0.504398826979
0.496578690127
0.490713587488
0.491691104594
0.494623655914
0.504398826979
1.06451612903
0.491691104594
0.493646138807
0.506353861193
0.500488758553
0.483870967742
0.504398826979
0.50146627566
0.494623655914
0.503421309873
0.512218963832
0.490713587488
0.495601173021
0.518084066471
0.500488758553
0.494623655914
0.490713587488
0.497556207234
0.521016617791
0.492668621701
0.490713587488
0.504398826979
0.495601173021
0.489736070381
0.504398826979
0.484848484848
0.479960899316
0.494623655914
0.500488758553
0.485826001955
0.49853372434
0.492668621701
0.504398826979
0.518084066471
0.491691104594
0.497556207234
0.507331378299
0.516129032258
0.489736070381
0.486803519062
0.506353861193
0.513196480938
0.486803519062
0.487781036168
0.504398826979
0.487781036168
0.494623655914
0.502443792766
0.483870967742
0.494623655914
0.506353861193
0.496578690127
0.490713587488
0.512218963832
0.494623655914
0.504398826979
0.490713587488
0.493646138807
0.507331378299
0.495601173021
0.490713587488
0.502443792766
0.518084066471
0.482893450635
0.492668621701
0.500488758553
0.510263929619
0.490713587488
0.504398826979
0.518084066471
0.490713587488
0.504398826979
0.510263929619
0.486803519062
0.503421309873
0.491691104594
0.486803519062
0.500488758553
0.491691104594
0.495601173021
0.505376344086
0.492668621701
0.492668621701
0.509286412512
0.521016617791
0.487781036168
0.509286412512
0.491691104594
0.496578690127
0.518084066471
0.496578690127
0.493646138807
0.506353861193
0.493646138807
0.510263929619
0.520039100684
0.492668621701
0.490713587488
0.512218963832
0.486803519062
0.504398826979
0.490713587488
0.497556207234
0.510263929619
0.484848484848
0.495601173021
0.502443792766
0.486803519062
0.497556207234
0.504398826979
0.491691104594
0.49853372434
0.492668621701
0.494623655914
0.504398826979
0.488758553275
0.494623655914
0.505376344086
0.486803519062
0.49853372434
0.49853372434
0.513196480938
0.487781036168
0.486803519062
0.50146627566
0.486803519062
0.483870967742
0.504398826979
0.488758553275
61.1231671554
0.491691104594
0.504398826979
0.480938416422
0.486803519062
0.508308895406
0.494623655914
0.487781036168
0.507331378299
0.491691104594
0.502443792766
0.487781036168
0.491691104594
0.512218963832
0.490713587488
0.49853372434
0.510263929619
0.493646138807
0.492668621701
0.505376344086
0.487781036168
0.491691104594
0.515151515152
0.488758553275
0.493646138807
0.510263929619
0.515151515152
0.490713587488
0.495601173021
0.508308895406
0.490713587488
0.488758553275
0.504398826979
0.489736070381
0.488758553275
0.513196480938
0.490713587488
0.508308895406
0.493646138807
0.508308895406
0.50146627566
0.491691104594
0.507331378299
0.494623655914
0.50146627566
0.482893450635
0.49853372434
0.515151515152
0.489736070381
0.503421309873
0.490713587488
0.504398826979
0.493646138807
0.491691104594
0.515151515152
0.497556207234
0.497556207234
0.518084066471
0.490713587488
0.505376344086
0.506353861193
0.486803519062
0.490713587488
0.500488758553
0.518084066471
0.488758553275
0.493646138807
0.507331378299
0.491691104594
0.496578690127
0.504398826979
0.514173998045
0.492668621701
0.496578690127
0.511241446725
0.490713587488
0.502443792766
0.522971652004
0.488758553275
0.484848484848
0.504398826979
0.488758553275
0.486803519062
0.510263929619
0.486803519062
0.497556207234
0.521016617791
0.490713587488
0.491691104594
0.502443792766
0.500488758553
0.488758553275
0.488758553275
0.500488758553
0.488758553275
0.485826001955
0.490713587488
0.494623655914
0.507331378299
0.491691104594
0.489736070381
0.506353861193
0.518084066471
0.494623655914
0.491691104594
0.506353861193
0.484848484848
0.496578690127
0.506353861193
0.506353861193
0.490713587488
0.495601173021
0.504398826979
0.494623655914
0.495601173021
0.516129032258
0.488758553275
0.500488758553
0.49853372434
0.488758553275
0.494623655914
0.520039100684
0.505376344086
0.492668621701
0.489736070381
0.507331378299
0.489736070381
0.50146627566
0.494623655914
62.6246334311
0.500488758553
0.488758553275
0.490713587488
0.511241446725
0.486803519062
0.507331378299
0.518084066471
0.488758553275
0.521994134897
0.491691104594
0.506353861193
0.488758553275
0.502443792766
0.490713587488
0.494623655914
0.497556207234
0.488758553275
0.500488758553
0.521994134897
0.489736070381
0.516129032258
0.491691104594
0.49853372434
0.504398826979
0.482893450635
0.496578690127
0.504398826979
0.490713587488
0.502443792766
0.492668621701
0.494623655914
0.505376344086
0.490713587488
0.491691104594
0.519061583578
0.495601173021
0.519061583578
0.489736070381
0.502443792766
0.515151515152
0.490713587488
0.506353861193
0.491691104594
0.489736070381
0.521016617791
0.490713587488
0.487781036168
0.493646138807
0.504398826979
0.495601173021
0.486803519062
0.504398826979
0.490713587488
0.506353861193
0.515151515152
0.486803519062
0.525904203324
0.518084066471
0.496578690127
0.503421309873
0.518084066471
0.484848484848
0.505376344086
0.509286412512
0.488758553275
0.49853372434
0.515151515152
0.493646138807
0.486803519062
0.511241446725
0.486803519062
0.490713587488
0.496578690127
0.490713587488
0.495601173021
0.508308895406
0.490713587488
0.500488758553
0.517106549365
0.490713587488
0.487781036168
0.505376344086
0.50146627566
0.490713587488
0.506353861193
0.487781036168
0.487781036168
0.496578690127
0.504398826979
0.505376344086
0.488758553275
0.496578690127
0.491691104594
0.49853372434
0.504398826979
0.491691104594
0.496578690127
0.489736070381
0.520039100684
0.496578690127
0.49853372434
0.512218963832
0.484848484848
0.494623655914
0.502443792766
0.488758553275
0.496578690127
0.493646138807
0.490713587488
0.494623655914
0.493646138807
0.495601173021
0.485826001955
0.494623655914
0.49853372434
0.494623655914
0.503421309873
0.488758553275
0.493646138807
0.508308895406
0.490713587488
0.491691104594
0.513196480938
0.489736070381
0.502443792766
0.485826001955
0.495601173021
0.502443792766
0.564027370479
0.490713587488
0.491691104594
0.504398826979
0.488758553275
0.495601173021
0.513196480938
0.494623655914
0.489736070381
0.516129032258
0.496578690127
0.506353861193
0.495601173021
0.500488758553
0.478983382209
0.490713587488
0.494623655914
0.491691104594
0.509286412512
0.490713587488
0.50146627566
0.490713587488
0.486803519062
0.516129032258
0.492668621701
0.504398826979
0.493646138807
0.491691104594
0.497556207234
0.512218963832
0.490713587488
0.502443792766
0.508308895406
0.487781036168
0.508308895406
0.518084066471
0.486803519062
0.505376344086
0.495601173021
0.486803519062
0.495601173021
0.502443792766
0.496578690127
0.483870967742
0.489736070381
0.510263929619
0.488758553275
0.494623655914
0.490713587488
0.50146627566
0.486803519062
0.491691104594
0.503421309873
0.491691104594
0.503421309873
0.493646138807
0.494623655914
0.503421309873
0.486803519062
0.488758553275
0.500488758553
0.488758553275
0.502443792766
0.521016617791
0.488758553275
0.50146627566
0.511241446725
0.492668621701
0.508308895406
0.495601173021
0.490713587488
0.503421309873
0.483870967742
0.492668621701
0.506353861193
0.486803519062
0.495601173021
0.517106549365
0.487781036168
0.487781036168
0.493646138807
0.497556207234
0.488758553275
0.488758553275
0.492668621701
0.502443792766
0.512218963832
0.489736070381
0.494623655914
0.494623655914
0.500488758553
0.495601173021
0.491691104594
0.494623655914
0.500488758553
0.495601173021
0.495601173021
0.496578690127
0.516129032258
0.490713587488
0.49853372434
0.484848484848
0.491691104594
0.506353861193
0.496578690127
0.489736070381
0.496578690127
0.493646138807
0.518084066471
0.486803519062
0.506353861193
0.488758553275
0.496578690127
0.505376344086
0.496578690127
0.527859237537
0.494623655914
0.506353861193
0.494623655914
0.490713587488
0.500488758553
0.482893450635
0.483870967742
0.510263929619
0.494623655914
0.502443792766
