
# Please make this file available to others
# by sending it to <lirc@bartelmus.de>
#
# this config file was automatically generated
# using lirc-0.6.6(any) on Fri Oct 31 19:26:15 2003
#
# contributed by 
#
# brand:                       apex
# model no. of remote control: 
# devices being controlled by this remote:
#

begin remote

  name   apex
  flags CONST_LENGTH|RAW_CODES
  eps            30
  aeps          100

  ptrail          0
  repeat     0     0
  gap    20000

      begin raw_codes

          name 1
             9138    4372     660     433     664     434
              688     436     662     464     660     437
              686     438     657    1601     621     473
              646    1626     597    1629     593    1633
              592    1633     617    1609     616    1610
              614     461     636    1640     612    1614
              610     465     632     465     658     465
              658     466     632     466     657     466
              632     494     629     466     657    1618
              608    1618     608    1645     581    1645
              581    1645     581    1645     581    1645
              581   39764    8957    2217     561

          name power
             9138    4370     661     432     664     434
              689     434     662     462     661     436
              686     437     656    1601     622     472
              649    1608     617    1609     613    1612
              612    1614     636    1589     634    1592
              633     460     637    1620     630     461
              636    1622     602     462     660     464
              660    1616     609     465     633     465
              658     466     657    1618     608     466
              632    1645     581    1645     608     466
              632    1645     581    1645     580    1646
              580   39764    8956    2218     560

          name vol+
             9164    4372     634     432     690     434
              662     436     688     436     688     437
              658     438     681    1576     648     445
              674    1582     641    1585     638    1586
              637    1616     609    1617     605    1620
              606     460     662    1622     602     462
              661    1616     610     464     634    1642
              609    1617     608     465     632     466
              658     465     658    1617     608     466
              632    1644     581     493     630     466
              657    1618     606    1618     606    1620
              606   39764    8957    2217     560

          name vol-
             9164    4372     634     432     690     433
              662     434     688     436     686     437
              658     440     681    1574     648     445
              673    1584     641    1585     637    1588
              636    1616     608    1617     606    1620
              605     460     661    1625     601     462
              661    1616     610    1616     609    1642
              582    1644     582     465     660     465
              633     492     630    1644     581     465
              658     466     630     494     630     466
              657    1618     606    1620     606    1620
              605   39764    8957    2217     561

      end raw_codes

end remote
