
# Please make this file available to others
# by sending it to <lirc@bartelmus.de>
#
# this config file was automatically generated
# using lirc-0.6.6(any) on Fri Jan  2 12:43:01 2004
#
# contributed by 
#
# brand:                       altec_lansing_speakers
# model no. of remote control: 
# devices being controlled by this remote:
#

begin remote

  name   altec_lansing_speakers
  flags CONST_LENGTH|RAW_CODES
  eps            30
  aeps          100

  ptrail          0
  repeat     0     0
  gap    100000

      begin raw_codes

          name vol+
             9209    4398     661     417     690     388
              741     394     730     398     708     390
              738     396     720     410     704     396
              730    1588     646    1590     662    1577
              668    1594     642    1578     678    1560
              684    1580     657    1580     678    1560
              341     416     712     420     686    1582
              680     420     686     417     712     418
              706     424     686     418     712    1584
              654    1584     666     432     685    1584
              664    1574     680    1584     654    1584
              661   39834    9120    2161     640

          name vol-
             9186    4345     714     364     765     364
              760     370     737     368     761     368
              745     385     733     370     756     374
              738    1528     720    1545     692    1548
              708    1530     713    1552     686    1552
              705    1533     710    1556     341     413
              716     393     733    1533     708    1558
              680     416     713     400     725     421
              688     417     713    1578     658    1580
              672     432     686     418     712    1580
              658    1580     665    1574     684    1581
              658   39838    9104    2153     665

          name treble
             9206    4326     734     368     740     365
              764     365     756     374     737     368
              761     368     742     388     728     377
              749    1544     693    1545     708    1530
              714    1550     686    1552     706    1532
              709    1556     682    1556     704    1553
              689     393     733    1553     688     396
              730    1554     686     414     709     422
              688     416     714     416     700    1568
              685     416     696    1572     685     417
              693    1574     684    1580     657    1581
              662   39854    9102    2160     638

          name bass
             9208    4346     714     368     738     366
              764     366     753     377     736     368
              761     368     742     388     729     376
              749    1562     672    1566     688    1552
              694    1569     668    1570     686    1553
              690    1573     665    1573     686     397
              710    1576     685    1553     688     397
              729    1554     686     414     706     424
              689     416     714    1578     661     416
              714     416     696    1572     684     418
              692    1574     684    1580     657    1581
              664   39834    9122    2160     640

          name standby
             9205    4324     737     368     740     366
              762     366     756     374     737     369
              761     368     744     386     730     374
              750    1538     696    1542     710    1528
              718    1546     689    1548     709    1529
              713    1550     686    1552     708     396
              710    1554     706    1532     709    1554
              682     416     714     396     729     406
              701     417     713    1557     681     417
              713     417     696     434     688    1558
              688    1550     706    1558     678    1580
              664   39832    9124    2161     638

      end raw_codes

end remote
